49.23076923076923,7.748603820800781e-05
49.23076923076923,0.010296106338500977
49.743589743589745,0.020464420318603516
50.0,0.030627965927124023
50.51282051282051,0.04083728790283203
51.02564102564102,0.05103659629821777
51.53846153846153,0.061200857162475586
51.7948717948718,0.07136654853820801
51.53846153846153,0.08159303665161133
51.28205128205128,0.09178829193115234
51.02564102564102,0.10198283195495605
50.76923076923077,0.11217498779296875
50.76923076923077,0.12233400344848633
51.02564102564102,0.13249635696411133
51.28205128205128,0.14265775680541992
51.7948717948718,0.15282440185546875
51.7948717948718,0.1629805564880371
51.7948717948718,0.17313694953918457
51.53846153846153,0.18328499794006348
51.28205128205128,0.19344401359558105
51.28205128205128,0.2035994529724121
51.02564102564102,0.21375298500061035
51.02564102564102,0.2239069938659668
51.28205128205128,0.23405957221984863
51.28205128205128,0.244246244430542
51.53846153846153,0.25441718101501465
51.7948717948718,0.264575719833374
51.7948717948718,0.2747337818145752
51.53846153846153,0.28489232063293457
51.28205128205128,0.2950477600097656
51.28205128205128,0.3052034378051758
51.02564102564102,0.31536030769348145
51.02564102564102,0.3255119323730469
51.28205128205128,0.33569955825805664
51.28205128205128,0.34586548805236816
51.7948717948718,0.35602474212646484
51.7948717948718,0.36618518829345703
51.7948717948718,0.3763558864593506
51.53846153846153,0.3865242004394531
51.28205128205128,0.3966846466064453
51.02564102564102,0.4068470001220703
51.02564102564102,0.41701602935791016
51.02564102564102,0.4271714687347412
51.28205128205128,0.4373338222503662
51.7948717948718,0.4475100040435791
52.05128205128206,0.4576735496520996
52.05128205128206,0.4678306579589844
52.05128205128206,0.4779829978942871
51.7948717948718,0.4881424903869629
51.28205128205128,0.49828577041625977
50.76923076923077,0.508441686630249
50.256410256410255,0.5186128616333008
49.743589743589745,0.5287661552429199
48.97435897435897,0.5389258861541748
48.46153846153846,0.5490784645080566
46.666666666666664,0.5592389106750488
46.92307692307692,0.5693988800048828
46.92307692307692,0.5795555114746094
46.92307692307692,0.5897188186645508
47.179487179487175,0.5998759269714355
47.43589743589743,0.6100409030914307
47.43589743589743,0.6201992034912109
46.666666666666664,0.6303503513336182
46.41025641025641,0.6405189037322998
47.179487179487175,0.6506867408752441
46.92307692307692,0.6608431339263916
46.92307692307692,0.6710090637207031
46.92307692307692,0.6811726093292236
47.179487179487175,0.6913421154022217
47.179487179487175,0.7015025615692139
47.43589743589743,0.7116687297821045
47.43589743589743,0.7218291759490967
47.179487179487175,0.7319903373718262
47.179487179487175,0.7421512603759766
47.179487179487175,0.7523159980773926
46.92307692307692,0.762484073638916
46.92307692307692,0.7726550102233887
47.179487179487175,0.782813310623169
47.179487179487175,0.792975664138794
47.179487179487175,0.8031418323516846
47.43589743589743,0.8133082389831543
46.41025641025641,0.8234713077545166
46.41025641025641,0.8336372375488281
47.179487179487175,0.8438091278076172
46.92307692307692,0.8539755344390869
46.92307692307692,0.8641462326049805
46.92307692307692,0.8743140697479248
47.179487179487175,0.8844709396362305
47.179487179487175,0.8946404457092285
47.43589743589743,0.9048018455505371
47.43589743589743,0.9149706363677979
46.41025641025641,0.9251377582550049
46.41025641025641,0.9353001117706299
47.179487179487175,0.9454615116119385
46.666666666666664,0.9556758403778076
45.38461538461539,0.9658432006835938
46.666666666666664,0.9760043621063232
46.92307692307692,0.9861760139465332
47.179487179487175,0.9963421821594238
47.69230769230769,1.0065135955810547
48.46153846153846,1.0166783332824707
48.97435897435897,1.026838779449463
49.743589743589745,1.0369927883148193
50.256410256410255,1.0471632480621338
50.76923076923077,1.0573334693908691
51.53846153846153,1.0757718086242676
51.28205128205128,1.0859994888305664
51.02564102564102,1.0962166786193848
50.76923076923077,1.1063902378082275
50.76923076923077,1.116574764251709
50.76923076923077,1.126734733581543
51.02564102564102,1.1369097232818604
51.28205128205128,1.147071361541748
51.7948717948718,1.1572260856628418
51.7948717948718,1.1673800945281982
51.7948717948718,1.177527904510498
51.53846153846153,1.1876800060272217
51.28205128205128,1.197826862335205
51.02564102564102,1.2079834938049316
51.02564102564102,1.2181367874145508
51.28205128205128,1.2282865047454834
51.28205128205128,1.2384557723999023
51.53846153846153,1.248607873916626
51.7948717948718,1.258760929107666
51.7948717948718,1.2689249515533447
51.53846153846153,1.2790772914886475
51.53846153846153,1.2892651557922363
51.28205128205128,1.2994484901428223
51.02564102564102,1.3096184730529785
51.02564102564102,1.3197896480560303
51.02564102564102,1.3299577236175537
51.02564102564102,1.3401317596435547
51.28205128205128,1.350311517715454
51.53846153846153,1.3604960441589355
51.7948717948718,1.370664358139038
51.53846153846153,1.3808324337005615
51.28205128205128,1.3909926414489746
51.28205128205128,1.4011473655700684
51.02564102564102,1.4113118648529053
50.76923076923077,1.4214816093444824
51.02564102564102,1.4316561222076416
51.02564102564102,1.441809892654419
51.53846153846153,1.4519686698913574
51.7948717948718,1.4621353149414062
52.05128205128206,1.472311019897461
51.7948717948718,1.4824771881103516
51.28205128205128,1.4926331043243408
51.02564102564102,1.5027995109558105
50.51282051282051,1.5129704475402832
50.0,1.5231478214263916
49.23076923076923,1.533318281173706
48.717948717948715,1.543475866317749
48.205128205128204,1.5536372661590576
46.41025641025641,1.5638034343719482
46.666666666666664,1.5739736557006836
46.666666666666664,1.5841436386108398
46.92307692307692,1.5943412780761719
46.92307692307692,1.604527235031128
47.179487179487175,1.6147055625915527
47.43589743589743,1.6248805522918701
47.179487179487175,1.6350538730621338
47.179487179487175,1.6452267169952393
46.92307692307692,1.6553974151611328
46.666666666666664,1.6655685901641846
46.666666666666664,1.6758382320404053
46.666666666666664,1.6860191822052002
46.92307692307692,1.6961932182312012
47.179487179487175,1.706362247467041
47.179487179487175,1.7165312767028809
47.179487179487175,1.7267029285430908
47.179487179487175,1.7368712425231934
46.92307692307692,1.747042179107666
46.92307692307692,1.7572102546691895
46.92307692307692,1.7673861980438232
46.666666666666664,1.7775554656982422
46.92307692307692,1.7877230644226074
46.92307692307692,1.797886848449707
46.92307692307692,1.8080658912658691
47.179487179487175,1.818241834640503
47.179487179487175,1.8284192085266113
47.179487179487175,1.8385977745056152
46.92307692307692,1.8487751483917236
46.92307692307692,1.8589568138122559
46.666666666666664,1.8691351413726807
46.666666666666664,1.8793039321899414
46.92307692307692,1.8894617557525635
46.92307692307692,1.8996248245239258
47.179487179487175,1.9097981452941895
47.179487179487175,1.9199669361114502
47.179487179487175,1.930131435394287
47.179487179487175,1.9402925968170166
46.92307692307692,1.9504597187042236
46.666666666666664,1.9606292247772217
45.38461538461539,1.9707975387573242
46.41025641025641,1.9809694290161133
46.41025641025641,1.991145372390747
46.666666666666664,2.0013139247894287
47.179487179487175,2.011504650115967
47.69230769230769,2.0216925144195557
48.46153846153846,2.031872510910034
48.97435897435897,2.0420546531677246
49.743589743589745,2.0522284507751465
50.256410256410255,2.0624048709869385
50.76923076923077,2.0725677013397217
51.02564102564102,2.0827338695526123
51.02564102564102,2.0929105281829834
50.76923076923077,2.1030831336975098
50.51282051282051,2.113248348236084
50.51282051282051,2.1233999729156494
50.51282051282051,2.1335647106170654
50.76923076923077,2.143721580505371
51.02564102564102,2.1538755893707275
51.28205128205128,2.164029598236084
51.28205128205128,2.174189567565918
51.28205128205128,2.1843528747558594
51.28205128205128,2.1945226192474365
51.02564102564102,2.204685688018799
50.76923076923077,2.214892864227295
50.76923076923077,2.22507643699646
50.76923076923077,2.23525333404541
51.02564102564102,2.2454299926757812
51.02564102564102,2.2556374073028564
51.28205128205128,2.2658164501190186
51.28205128205128,2.2759859561920166
51.02564102564102,2.286156415939331
51.02564102564102,2.2963290214538574
50.76923076923077,2.3064990043640137
50.76923076923077,2.3166697025299072
50.76923076923077,2.326843500137329
50.76923076923077,2.3370304107666016
50.76923076923077,2.347212553024292
51.02564102564102,2.357382297515869
51.02564102564102,2.3675520420074463
51.28205128205128,2.3777270317077637
51.02564102564102,2.387902021408081
51.02564102564102,2.3980824947357178
50.76923076923077,2.408257246017456
50.51282051282051,2.418431282043457
50.51282051282051,2.428614377975464
50.76923076923077,2.438793897628784
51.02564102564102,2.44897723197937
51.28205128205128,2.4591543674468994
51.7948717948718,2.469338893890381
51.7948717948718,2.479517936706543
51.28205128205128,2.489698648452759
51.02564102564102,2.4999077320098877
50.51282051282051,2.510094165802002
50.256410256410255,2.5202789306640625
49.743589743589745,2.5304644107818604
48.97435897435897,2.540647506713867
48.205128205128204,2.5508251190185547
46.666666666666664,2.5610082149505615
46.92307692307692,2.5711920261383057
46.41025641025641,2.5813751220703125
46.92307692307692,2.6125223636627197
47.179487179487175,2.622748613357544
47.179487179487175,2.632946729660034
46.92307692307692,2.643148899078369
46.92307692307692,2.6533422470092773
46.666666666666664,2.6635265350341797
45.38461538461539,2.673712968826294
46.41025641025641,2.683896541595459
46.41025641025641,2.6940815448760986
46.666666666666664,2.704292058944702
46.92307692307692,2.714498519897461
46.92307692307692,2.7246811389923096
46.92307692307692,2.73486065864563
46.92307692307692,2.7450361251831055
46.666666666666664,2.7552108764648438
46.666666666666664,2.7653894424438477
45.38461538461539,2.775557279586792
46.41025641025641,2.785762310028076
46.666666666666664,2.7959258556365967
46.666666666666664,2.8060970306396484
46.92307692307692,2.8162662982940674
46.92307692307692,2.8264362812042236
46.92307692307692,2.836620807647705
46.92307692307692,2.846797227859497
46.666666666666664,2.8569750785827637
45.38461538461539,2.8671419620513916
45.38461538461539,2.877312183380127
46.41025641025641,2.887481927871704
46.666666666666664,2.897653818130493
46.666666666666664,2.9078216552734375
46.92307692307692,2.9179916381835938
47.179487179487175,2.9281647205352783
46.92307692307692,2.9383420944213867
46.92307692307692,2.948512554168701
46.666666666666664,2.9586994647979736
46.15384615384615,2.9688704013824463
46.15384615384615,2.979037284851074
46.15384615384615,2.989215612411499
46.41025641025641,2.9994006156921387
46.666666666666664,3.0095860958099365
47.179487179487175,3.0197579860687256
47.69230769230769,3.029940128326416
48.46153846153846,3.0401134490966797
48.97435897435897,3.0502960681915283
50.256410256410255,3.060483932495117
50.256410256410255,3.070650815963745
51.02564102564102,3.080815315246582
50.76923076923077,3.090987205505371
50.51282051282051,3.1011500358581543
50.51282051282051,3.1113150119781494
50.256410256410255,3.1214821338653564
50.51282051282051,3.1316416263580322
50.51282051282051,3.1418161392211914
50.76923076923077,3.151987314224243
51.02564102564102,3.1621570587158203
51.28205128205128,3.172334909439087
51.28205128205128,3.182526111602783
51.02564102564102,3.1927011013031006
51.02564102564102,3.2028799057006836
50.76923076923077,3.2130579948425293
50.76923076923077,3.2232344150543213
50.76923076923077,3.2334139347076416
50.76923076923077,3.243593215942383
51.02564102564102,3.253767967224121
51.02564102564102,3.263944387435913
51.28205128205128,3.274158477783203
51.02564102564102,3.2843480110168457
51.02564102564102,3.2945284843444824
50.76923076923077,3.304710626602173
50.76923076923077,3.3149077892303467
50.51282051282051,3.325100898742676
50.76923076923077,3.3352930545806885
50.76923076923077,3.345482110977173
51.02564102564102,3.3557116985321045
51.02564102564102,3.3658957481384277
51.28205128205128,3.3760807514190674
51.02564102564102,3.3862621784210205
51.02564102564102,3.3964505195617676
50.76923076923077,3.4066500663757324
50.51282051282051,3.416835069656372
50.51282051282051,3.4270150661468506
50.76923076923077,3.4371941089630127
50.76923076923077,3.4473795890808105
51.02564102564102,3.4575631618499756
51.28205128205128,3.4677345752716064
51.7948717948718,3.4779107570648193
51.28205128205128,3.4880893230438232
51.02564102564102,3.4982681274414062
50.76923076923077,3.508450508117676
50.256410256410255,3.518624782562256
49.743589743589745,3.5288279056549072
48.97435897435897,3.5390100479125977
48.46153846153846,3.549196720123291
46.666666666666664,3.5593862533569336
46.92307692307692,3.5695629119873047
45.38461538461539,3.5797460079193115
45.38461538461539,3.5899314880371094
46.41025641025641,3.6001205444335938
46.666666666666664,3.610304594039917
46.92307692307692,3.6204888820648193
47.179487179487175,3.630697250366211
46.92307692307692,3.6408865451812744
46.92307692307692,3.651083469390869
46.666666666666664,3.6612725257873535
45.38461538461539,3.671463966369629
46.41025641025641,3.6816565990448
46.41025641025641,3.69185209274292
46.666666666666664,3.7020423412323
46.92307692307692,3.712217330932617
46.92307692307692,3.7224018573760986
46.92307692307692,3.732591390609741
46.92307692307692,3.742783308029175
46.666666666666664,3.7529704570770264
45.64102564102564,3.7631494998931885
45.38461538461539,3.7733399868011475
45.38461538461539,3.7835288047790527
46.666666666666664,3.793718099594116
46.666666666666664,3.803903579711914
46.92307692307692,3.8140852451324463
46.92307692307692,3.8242790699005127
46.92307692307692,3.8344767093658447
46.92307692307692,3.8446667194366455
46.666666666666664,3.8548545837402344
46.666666666666664,3.865041494369507
46.41025641025641,3.8752329349517822
46.41025641025641,3.8854269981384277
46.666666666666664,3.895703077316284
46.666666666666664,3.9058947563171387
46.92307692307692,3.9160826206207275
47.179487179487175,3.926270008087158
47.179487179487175,3.9364569187164307
46.92307692307692,3.9466376304626465
46.666666666666664,3.956819772720337
45.38461538461539,3.967003583908081
46.15384615384615,3.977191209793091
46.15384615384615,3.9873762130737305
46.41025641025641,3.997563362121582
46.666666666666664,4.00775671005249
47.179487179487175,4.0179455280303955
47.69230769230769,4.028136491775513
48.205128205128204,4.038334131240845
48.717948717948715,4.0485169887542725
49.743589743589745,4.058712005615234
50.256410256410255,4.068899393081665
50.76923076923077,4.079091787338257
51.02564102564102,4.089284181594849
51.02564102564102,4.099466562271118
50.76923076923077,4.109659910202026
50.51282051282051,4.1345696449279785
50.51282051282051,4.144806146621704
50.76923076923077,4.155013799667358
51.02564102564102,4.165219306945801
51.28205128205128,4.175417900085449
51.28205128205128,4.1856584548950195
51.28205128205128,4.195847511291504
51.02564102564102,4.20603609085083
51.02564102564102,4.2162206172943115
50.76923076923077,4.226402044296265
50.76923076923077,4.236593246459961
50.76923076923077,4.246777296066284
51.02564102564102,4.2569639682769775
51.02564102564102,4.267154216766357
51.28205128205128,4.277336120605469
51.28205128205128,4.2875587940216064
51.02564102564102,4.297744274139404
51.02564102564102,4.307934045791626
50.76923076923077,4.318120241165161
50.76923076923077,4.328318357467651
50.76923076923077,4.338523626327515
50.76923076923077,4.348725080490112
51.02564102564102,4.358924865722656
51.02564102564102,4.369113206863403
51.28205128205128,4.379306793212891
51.28205128205128,4.389501333236694
51.02564102564102,4.399698495864868
51.02564102564102,4.409893751144409
50.76923076923077,4.420088052749634
50.76923076923077,4.4302818775177
50.76923076923077,4.440483093261719
50.76923076923077,4.450673341751099
51.02564102564102,4.460873126983643
51.28205128205128,4.4710681438446045
51.7948717948718,4.481273889541626
51.7948717948718,4.491462707519531
51.28205128205128,4.501657724380493
51.02564102564102,4.511848449707031
50.51282051282051,4.522045850753784
50.0,4.5322394371032715
49.23076923076923,4.542445182800293
48.717948717948715,4.552646160125732
48.205128205128204,4.56285548210144
46.41025641025641,4.573073387145996
46.666666666666664,4.583289623260498
46.41025641025641,4.593500375747681
46.666666666666664,4.603695631027222
46.666666666666664,4.613892078399658
46.92307692307692,4.624089002609253
47.179487179487175,4.634293079376221
47.179487179487175,4.64449405670166
47.179487179487175,4.654682397842407
46.92307692307692,4.664870262145996
46.666666666666664,4.675066709518433
45.38461538461539,4.685266494750977
46.666666666666664,4.695471525192261
46.666666666666664,4.705714464187622
46.92307692307692,4.715906143188477
47.179487179487175,4.726104974746704
47.179487179487175,4.736303806304932
47.179487179487175,4.746492624282837
46.92307692307692,4.756686687469482
46.92307692307692,4.766873121261597
46.666666666666664,4.777070999145508
46.666666666666664,4.787264108657837
46.666666666666664,4.797455549240112
46.92307692307692,4.807649850845337
46.92307692307692,4.817844867706299
46.92307692307692,4.828039884567261
47.179487179487175,4.838268995285034
47.179487179487175,4.848483562469482
46.92307692307692,4.858679294586182
46.92307692307692,4.868870973587036
46.666666666666664,4.879073143005371
46.666666666666664,4.889268636703491
46.666666666666664,4.899465560913086
46.666666666666664,4.90965723991394
46.92307692307692,4.919862508773804
47.179487179487175,4.930064916610718
47.179487179487175,4.9402666091918945
47.179487179487175,4.950483322143555
46.92307692307692,4.960679054260254
46.92307692307692,4.970872163772583
46.666666666666664,4.981077671051025
44.871794871794876,4.991285800933838
46.41025641025641,5.0014967918396
46.666666666666664,5.011700630187988
46.92307692307692,5.0219035148620605
