48.46153846153846,8.96453857421875e-05
48.46153846153846,0.010299205780029297
48.717948717948715,0.020473241806030273
48.97435897435897,0.031702518463134766
49.23076923076923,0.04188275337219238
50.0,0.052033185958862305
50.76923076923077,0.062186479568481445
50.51282051282051,0.07232403755187988
50.51282051282051,0.08244991302490234
50.256410256410255,0.09262323379516602
50.0,0.10274648666381836
50.0,0.11292433738708496
50.256410256410255,0.12310481071472168
50.256410256410255,0.13328194618225098
50.51282051282051,0.1434648036956787
50.76923076923077,0.1536238193511963
50.76923076923077,0.16379737854003906
50.76923076923077,0.173966646194458
50.76923076923077,0.18420886993408203
50.51282051282051,0.1944131851196289
50.51282051282051,0.20457744598388672
50.51282051282051,0.21478962898254395
50.51282051282051,0.2249610424041748
50.51282051282051,0.23511981964111328
50.51282051282051,0.2452712059020996
51.02564102564102,0.25541257858276367
50.76923076923077,0.2655653953552246
50.76923076923077,0.27571797370910645
50.51282051282051,0.2858695983886719
50.51282051282051,0.2960197925567627
50.51282051282051,0.306166410446167
50.51282051282051,0.3163120746612549
50.51282051282051,0.3264651298522949
50.76923076923077,0.3366241455078125
51.02564102564102,0.3467729091644287
51.02564102564102,0.356917142868042
50.76923076923077,0.3670616149902344
50.76923076923077,0.3772106170654297
50.51282051282051,0.3873612880706787
50.51282051282051,0.3975353240966797
50.256410256410255,0.40768957138061523
50.51282051282051,0.41783571243286133
50.51282051282051,0.42800474166870117
51.02564102564102,0.43816208839416504
51.28205128205128,0.4483151435852051
51.53846153846153,0.4584658145904541
51.02564102564102,0.4686121940612793
51.02564102564102,0.4788486957550049
50.51282051282051,0.4890482425689697
50.256410256410255,0.4992096424102783
49.23076923076923,0.5093636512756348
48.717948717948715,0.5195307731628418
48.46153846153846,0.529688835144043
46.666666666666664,0.5398600101470947
47.179487179487175,0.5500173568725586
46.15384615384615,0.561939001083374
46.41025641025641,0.5721244812011719
46.15384615384615,0.5822865962982178
46.666666666666664,0.5924527645111084
46.92307692307692,0.6026110649108887
47.179487179487175,0.612769603729248
47.179487179487175,0.622941255569458
45.64102564102564,0.6330995559692383
45.38461538461539,0.6432614326477051
44.871794871794876,0.6534247398376465
46.41025641025641,0.6635911464691162
46.15384615384615,0.6737492084503174
46.666666666666664,0.68389892578125
45.64102564102564,0.6940445899963379
46.666666666666664,0.7042033672332764
46.666666666666664,0.714362621307373
46.666666666666664,0.7245252132415771
45.38461538461539,0.7346854209899902
45.38461538461539,0.7448294162750244
45.38461538461539,0.7549934387207031
44.871794871794876,0.7651596069335938
46.666666666666664,0.7753269672393799
46.666666666666664,0.785524845123291
45.38461538461539,0.7956967353820801
46.92307692307692,0.8058574199676514
46.666666666666664,0.816014289855957
46.92307692307692,0.8261814117431641
46.92307692307692,0.8363440036773682
45.38461538461539,0.8464975357055664
46.666666666666664,0.8566553592681885
46.15384615384615,0.866811990737915
46.666666666666664,0.8769681453704834
46.666666666666664,0.8871293067932129
46.92307692307692,0.8972866535186768
46.92307692307692,0.9074926376342773
46.92307692307692,0.9176516532897949
46.666666666666664,0.9278247356414795
45.38461538461539,0.93798828125
45.38461538461539,0.94814133644104
46.15384615384615,0.9582982063293457
45.8974358974359,0.9684629440307617
46.15384615384615,0.978626012802124
46.666666666666664,0.9887955188751221
46.92307692307692,0.99896240234375
47.43589743589743,1.0091214179992676
47.69230769230769,1.0193140506744385
48.46153846153846,1.0294885635375977
48.97435897435897,1.0396437644958496
50.0,1.049818515777588
50.51282051282051,1.0599799156188965
50.76923076923077,1.0701448917388916
51.02564102564102,1.0803077220916748
50.51282051282051,1.0905144214630127
50.51282051282051,1.1006898880004883
50.51282051282051,1.110846996307373
50.0,1.121004343032837
50.256410256410255,1.1311681270599365
50.51282051282051,1.1413123607635498
50.51282051282051,1.1514668464660645
51.02564102564102,1.161621332168579
51.28205128205128,1.1717665195465088
50.76923076923077,1.18192458152771
51.02564102564102,1.192075252532959
50.51282051282051,1.2022202014923096
50.51282051282051,1.212376356124878
50.51282051282051,1.222529411315918
50.76923076923077,1.232689380645752
50.51282051282051,1.2428429126739502
50.76923076923077,1.2529935836791992
50.76923076923077,1.2631421089172363
50.76923076923077,1.2732937335968018
51.02564102564102,1.283447265625
50.51282051282051,1.2936043739318848
50.51282051282051,1.3037617206573486
50.76923076923077,1.3139560222625732
50.51282051282051,1.3241183757781982
50.76923076923077,1.334282398223877
50.51282051282051,1.3444433212280273
51.02564102564102,1.3546209335327148
51.02564102564102,1.364778757095337
51.02564102564102,1.374936819076538
51.02564102564102,1.3851125240325928
50.51282051282051,1.3953208923339844
50.256410256410255,1.4054844379425049
50.51282051282051,1.41562819480896
50.51282051282051,1.4257841110229492
50.76923076923077,1.4359281063079834
51.02564102564102,1.4460790157318115
51.02564102564102,1.4562244415283203
51.02564102564102,1.4663658142089844
50.76923076923077,1.476508378982544
50.51282051282051,1.4866747856140137
50.51282051282051,1.496838092803955
50.0,1.5070018768310547
48.97435897435897,1.5171568393707275
48.46153846153846,1.5273139476776123
46.92307692307692,1.5375583171844482
47.179487179487175,1.5477125644683838
45.64102564102564,1.5578663349151611
46.41025641025641,1.5680263042449951
46.15384615384615,1.5781846046447754
46.41025641025641,1.5883419513702393
46.666666666666664,1.598494529724121
46.666666666666664,1.6086475849151611
46.92307692307692,1.618809700012207
46.666666666666664,1.6289751529693604
46.41025641025641,1.6391351222991943
45.38461538461539,1.6492934226989746
45.38461538461539,1.6594552993774414
46.41025641025641,1.6696159839630127
46.41025641025641,1.6797771453857422
45.38461538461539,1.6899807453155518
46.666666666666664,1.700165033340454
46.92307692307692,1.7104229927062988
46.92307692307692,1.7206318378448486
46.92307692307692,1.7308239936828613
47.179487179487175,1.7409908771514893
46.92307692307692,1.7511992454528809
46.666666666666664,1.7613916397094727
46.666666666666664,1.7715609073638916
46.92307692307692,1.7817320823669434
47.179487179487175,1.791896104812622
47.179487179487175,1.8020601272583008
47.179487179487175,1.8122303485870361
47.179487179487175,1.8224058151245117
46.92307692307692,1.8325741291046143
47.179487179487175,1.8427350521087646
46.92307692307692,1.8529174327850342
46.92307692307692,1.8630955219268799
46.666666666666664,1.873267650604248
46.666666666666664,1.8834335803985596
47.179487179487175,1.893599271774292
46.92307692307692,1.903756856918335
47.43589743589743,1.913928747177124
47.43589743589743,1.9241046905517578
47.179487179487175,1.9342784881591797
46.92307692307692,1.9444546699523926
46.92307692307692,1.9546387195587158
44.871794871794876,1.9648189544677734
46.15384615384615,1.9749939441680908
46.41025641025641,1.9851760864257812
46.666666666666664,1.9953539371490479
47.179487179487175,2.005577564239502
47.94871794871795,2.0157833099365234
48.46153846153846,2.0259668827056885
48.97435897435897,2.0361416339874268
50.0,2.046314001083374
50.51282051282051,2.0564839839935303
50.76923076923077,2.066709518432617
51.02564102564102,2.0768933296203613
51.02564102564102,2.087063789367676
51.02564102564102,2.097243309020996
50.51282051282051,2.107471466064453
50.51282051282051,2.117650032043457
50.76923076923077,2.1278328895568848
50.76923076923077,2.138014793395996
50.76923076923077,2.148181915283203
51.28205128205128,2.1583340167999268
51.7948717948718,2.168503761291504
51.7948717948718,2.178671360015869
51.28205128205128,2.1888365745544434
51.28205128205128,2.1990067958831787
51.28205128205128,2.209160804748535
51.02564102564102,2.219334125518799
51.02564102564102,2.2295238971710205
51.02564102564102,2.2397031784057617
51.28205128205128,2.2498748302459717
51.02564102564102,2.26002836227417
51.7948717948718,2.270202398300171
51.7948717948718,2.280371904373169
51.02564102564102,2.2905476093292236
51.02564102564102,2.300708293914795
51.28205128205128,2.3108980655670166
50.76923076923077,2.3211450576782227
51.02564102564102,2.3313281536102295
51.02564102564102,2.3415074348449707
51.02564102564102,2.3516852855682373
51.02564102564102,2.3618431091308594
51.28205128205128,2.3720157146453857
51.53846153846153,2.3821723461151123
51.02564102564102,2.392331123352051
51.28205128205128,2.4024806022644043
50.76923076923077,2.4126336574554443
50.51282051282051,2.4228014945983887
50.76923076923077,2.4329729080200195
50.76923076923077,2.4431381225585938
51.28205128205128,2.4532954692840576
51.7948717948718,2.463451862335205
51.7948717948718,2.473613739013672
51.53846153846153,2.4837846755981445
51.28205128205128,2.4939680099487305
50.76923076923077,2.5041396617889404
50.256410256410255,2.5142998695373535
49.48717948717949,2.5244553089141846
47.94871794871795,2.534606695175171
47.69230769230769,2.544769763946533
46.41025641025641,2.5549256801605225
46.666666666666664,2.5650806427001953
45.64102564102564,2.5752370357513428
46.666666666666664,2.5853822231292725
46.92307692307692,2.595527172088623
47.43589743589743,2.6057140827178955
47.179487179487175,2.6159074306488037
47.43589743589743,2.6260762214660645
46.92307692307692,2.636233329772949
47.179487179487175,2.6463890075683594
46.666666666666664,2.6565375328063965
45.38461538461539,2.666693687438965
45.38461538461539,2.6768507957458496
46.666666666666664,2.6869986057281494
46.92307692307692,2.697155714035034
47.179487179487175,2.707310914993286
47.179487179487175,2.717520236968994
47.43589743589743,2.7276902198791504
46.92307692307692,2.737853527069092
46.92307692307692,2.7480058670043945
46.92307692307692,2.758166551589966
45.64102564102564,2.7683234214782715
46.666666666666664,2.778475046157837
46.92307692307692,2.7886271476745605
46.92307692307692,2.7987968921661377
47.179487179487175,2.8089537620544434
47.179487179487175,2.819114923477173
47.179487179487175,2.829277515411377
47.179487179487175,2.8394458293914795
47.179487179487175,2.849613666534424
46.666666666666664,2.8597798347473145
46.666666666666664,2.869948387145996
46.666666666666664,2.880119562149048
46.92307692307692,2.890284776687622
47.179487179487175,2.9004485607147217
47.43589743589743,2.9106285572052
47.179487179487175,2.920839548110962
47.43589743589743,2.931030511856079
47.179487179487175,2.941211462020874
46.92307692307692,2.9513819217681885
45.38461538461539,2.9615612030029297
46.15384615384615,2.971731424331665
46.666666666666664,2.981900930404663
46.666666666666664,2.992091178894043
47.179487179487175,3.0022692680358887
47.69230769230769,3.0124409198760986
48.46153846153846,3.022611379623413
48.46153846153846,3.0327913761138916
49.48717948717949,3.0429699420928955
50.0,3.053144931793213
50.76923076923077,3.063307046890259
51.02564102564102,3.0734786987304688
51.28205128205128,3.0836501121520996
51.02564102564102,3.093822479248047
50.76923076923077,3.103997230529785
50.51282051282051,3.114173650741577
50.51282051282051,3.1243479251861572
50.76923076923077,3.1345303058624268
50.76923076923077,3.1447134017944336
50.76923076923077,3.1548945903778076
51.02564102564102,3.165076494216919
51.28205128205128,3.175255060195923
51.28205128205128,3.185434579849243
51.02564102564102,3.1956052780151367
51.02564102564102,3.205768585205078
50.76923076923077,3.2159857749938965
50.76923076923077,3.2262163162231445
50.76923076923077,3.2364463806152344
50.76923076923077,3.246645212173462
50.76923076923077,3.25681471824646
50.76923076923077,3.2669925689697266
50.76923076923077,3.277216672897339
50.76923076923077,3.2874209880828857
50.76923076923077,3.2976601123809814
50.51282051282051,3.307831287384033
50.76923076923077,3.3180112838745117
50.51282051282051,3.3281967639923096
50.51282051282051,3.3383824825286865
50.51282051282051,3.3485608100891113
51.02564102564102,3.3587329387664795
51.02564102564102,3.368913412094116
50.76923076923077,3.3790876865386963
50.76923076923077,3.389265298843384
50.76923076923077,3.3994498252868652
50.51282051282051,3.40962553024292
50.51282051282051,3.419806957244873
50.256410256410255,3.4300057888031006
50.76923076923077,3.440185308456421
50.51282051282051,3.4503591060638428
51.02564102564102,3.460528612136841
51.02564102564102,3.470691442489624
51.53846153846153,3.480862855911255
51.28205128205128,3.4910495281219482
50.76923076923077,3.501220226287842
50.0,3.5113768577575684
49.23076923076923,3.521575927734375
47.94871794871795,3.53177809715271
47.94871794871795,3.5419516563415527
47.43589743589743,3.552114248275757
45.38461538461539,3.563558578491211
46.41025641025641,3.5737452507019043
46.15384615384615,3.5839133262634277
46.41025641025641,3.594092845916748
45.38461538461539,3.6042604446411133
46.666666666666664,3.6144351959228516
46.92307692307692,3.624621629714966
46.666666666666664,3.634803533554077
46.666666666666664,3.6449878215789795
45.64102564102564,3.655162811279297
45.38461538461539,3.665342092514038
46.15384615384615,3.675513505935669
46.15384615384615,3.6856865882873535
46.41025641025641,3.6958656311035156
45.38461538461539,3.7060413360595703
46.666666666666664,3.716219186782837
46.666666666666664,3.726402997970581
46.666666666666664,3.7365877628326416
45.64102564102564,3.746772527694702
45.64102564102564,3.756960868835449
46.666666666666664,3.7671451568603516
46.15384615384615,3.77732515335083
46.666666666666664,3.787520408630371
45.38461538461539,3.7976996898651123
46.666666666666664,3.8078742027282715
46.666666666666664,3.8180501461029053
46.666666666666664,3.828259229660034
45.38461538461539,3.8384578227996826
45.38461538461539,3.8486433029174805
46.41025641025641,3.8588030338287354
46.41025641025641,3.868976593017578
46.15384615384615,3.879150390625
46.41025641025641,3.8893303871154785
46.41025641025641,3.899533271789551
46.666666666666664,3.9097015857696533
46.92307692307692,3.9198784828186035
46.92307692307692,3.9300715923309326
46.666666666666664,3.940248489379883
45.38461538461539,3.9504244327545166
46.15384615384615,3.9605987071990967
45.8974358974359,3.9707789421081543
45.8974358974359,3.980957269668579
46.41025641025641,3.991145610809326
46.666666666666664,4.001336336135864
47.179487179487175,4.0115156173706055
47.69230769230769,4.021692276000977
48.205128205128204,4.031879901885986
48.46153846153846,4.042064905166626
49.23076923076923,4.052277565002441
50.256410256410255,4.062459468841553
50.51282051282051,4.072636365890503
51.02564102564102,4.082818508148193
50.76923076923077,4.092996835708618
50.76923076923077,4.103177547454834
50.256410256410255,4.113358497619629
50.256410256410255,4.12358546257019
50.0,4.133790493011475
50.51282051282051,4.143983602523804
50.51282051282051,4.154174327850342
50.76923076923077,4.164357662200928
50.76923076923077,4.174540996551514
51.02564102564102,4.1847240924835205
50.76923076923077,4.194908380508423
50.76923076923077,4.205088138580322
50.76923076923077,4.215271472930908
50.51282051282051,4.225456237792969
50.51282051282051,4.235642194747925
50.51282051282051,4.245822429656982
50.51282051282051,4.2560107707977295
50.76923076923077,4.266191720962524
51.02564102564102,4.276376962661743
50.76923076923077,4.286561727523804
50.76923076923077,4.296749830245972
50.51282051282051,4.306940317153931
50.76923076923077,4.317121982574463
50.51282051282051,4.327306509017944
50.51282051282051,4.337549448013306
50.51282051282051,4.347731590270996
50.76923076923077,4.357935190200806
50.76923076923077,4.368120193481445
50.76923076923077,4.378301620483398
50.76923076923077,4.3884806632995605
50.51282051282051,4.3986592292785645
50.51282051282051,4.408837556838989
50.76923076923077,4.419015645980835
50.256410256410255,4.42924165725708
50.76923076923077,4.439457178115845
50.51282051282051,4.449691534042358
50.76923076923077,4.45989727973938
51.02564102564102,4.470088958740234
51.28205128205128,4.480276107788086
51.28205128205128,4.490477085113525
50.76923076923077,4.500706195831299
50.76923076923077,4.510913610458374
50.0,4.521101713180542
49.48717948717949,4.531298875808716
48.717948717948715,4.54149603843689
48.205128205128204,4.551721572875977
46.41025641025641,4.561920404434204
46.666666666666664,4.572100639343262
46.41025641025641,4.5822858810424805
46.15384615384615,4.592475175857544
46.15384615384615,4.6026997566223145
45.38461538461539,4.6129021644592285
46.92307692307692,4.623091220855713
46.92307692307692,4.633287668228149
46.666666666666664,4.643477439880371
46.92307692307692,4.653714418411255
45.38461538461539,4.663917303085327
44.871794871794876,4.674123287200928
46.41025641025641,4.6843109130859375
46.41025641025641,4.694491863250732
46.666666666666664,4.704731225967407
46.41025641025641,4.714953660964966
46.666666666666664,4.725160837173462
46.666666666666664,4.7353880405426025
45.64102564102564,4.745625019073486
45.64102564102564,4.755897283554077
45.64102564102564,4.766138553619385
45.38461538461539,4.776353120803833
46.41025641025641,4.786544322967529
46.41025641025641,4.79723858833313
46.41025641025641,4.807537078857422
46.92307692307692,4.817747592926025
46.92307692307692,4.827961206436157
46.666666666666664,4.838153600692749
46.92307692307692,4.8483428955078125
45.38461538461539,4.8585779666900635
46.666666666666664,4.868774652481079
45.64102564102564,4.878962755203247
46.41025641025641,4.889159917831421
45.64102564102564,4.899374008178711
46.92307692307692,4.909602403640747
46.666666666666664,4.919803142547607
47.179487179487175,4.92999267578125
46.92307692307692,4.940170764923096
46.666666666666664,4.95037055015564
46.41025641025641,4.960599660873413
46.15384615384615,4.970793008804321
45.64102564102564,4.980978965759277
45.64102564102564,4.9911720752716064
46.41025641025641,5.001373767852783
46.666666666666664,5.011599063873291
