48.717948717948715,0.00010824203491210938
48.97435897435897,0.01038813591003418
49.23076923076923,0.020733118057250977
49.743589743589745,0.030899524688720703
50.256410256410255,0.041112422943115234
50.76923076923077,0.05129718780517578
50.51282051282051,0.06150531768798828
50.51282051282051,0.07168221473693848
50.256410256410255,0.08186650276184082
50.256410256410255,0.09208464622497559
50.256410256410255,0.10227441787719727
50.0,0.11250853538513184
50.0,0.12273001670837402
50.256410256410255,0.1329495906829834
50.51282051282051,0.1431291103363037
50.51282051282051,0.15332913398742676
50.51282051282051,0.16352105140686035
50.256410256410255,0.17372703552246094
50.256410256410255,0.18392539024353027
50.256410256410255,0.19412755966186523
50.0,0.2043323516845703
50.0,0.21453213691711426
50.256410256410255,0.2247328758239746
50.256410256410255,0.23493099212646484
50.256410256410255,0.24512386322021484
50.51282051282051,0.25533223152160645
50.256410256410255,0.265533447265625
50.256410256410255,0.2757253646850586
50.51282051282051,0.2859189510345459
50.256410256410255,0.29612112045288086
50.0,0.30632805824279785
50.0,0.31653285026550293
50.256410256410255,0.3267242908477783
50.256410256410255,0.33692288398742676
50.51282051282051,0.3472020626068115
50.51282051282051,0.35741710662841797
50.51282051282051,0.36763596534729004
50.51282051282051,0.3778347969055176
50.0,0.38802433013916016
50.0,0.39821720123291016
50.0,0.4084160327911377
50.0,0.41864585876464844
50.0,0.4288320541381836
50.256410256410255,0.4390137195587158
50.51282051282051,0.4492471218109131
50.76923076923077,0.45940089225769043
50.51282051282051,0.4695417881011963
50.0,0.4797241687774658
49.743589743589745,0.48992061614990234
49.23076923076923,0.5001006126403809
48.46153846153846,0.510289192199707
47.69230769230769,0.5204682350158691
47.179487179487175,0.5306482315063477
45.38461538461539,0.5408151149749756
45.64102564102564,0.5509824752807617
45.64102564102564,0.5611608028411865
45.38461538461539,0.5713338851928711
45.64102564102564,0.5815129280090332
46.15384615384615,0.5916969776153564
46.666666666666664,0.6018710136413574
44.871794871794876,0.6120615005493164
46.15384615384615,0.6222498416900635
46.41025641025641,0.6324360370635986
45.8974358974359,0.6426181793212891
45.38461538461539,0.652803897857666
45.38461538461539,0.6629884243011475
45.64102564102564,0.6731760501861572
45.64102564102564,0.6833691596984863
46.15384615384615,0.6935610771179199
46.15384615384615,0.7037429809570312
46.15384615384615,0.7139389514923096
46.15384615384615,0.7241272926330566
45.64102564102564,0.7343225479125977
45.64102564102564,0.7445132732391357
45.38461538461539,0.754662275314331
45.64102564102564,0.7648606300354004
45.64102564102564,0.7751107215881348
46.15384615384615,0.7853262424468994
46.15384615384615,0.7955114841461182
46.15384615384615,0.8264708518981934
46.41025641025641,0.8366937637329102
45.64102564102564,0.8469078540802002
45.64102564102564,0.8577570915222168
45.38461538461539,0.8679652214050293
45.8974358974359,0.8781576156616211
46.15384615384615,0.8883614540100098
46.41025641025641,0.8985562324523926
44.871794871794876,0.9087479114532471
44.871794871794876,0.9189763069152832
46.15384615384615,0.9291603565216064
45.64102564102564,0.9393959045410156
45.38461538461539,0.9495928287506104
45.38461538461539,0.9598255157470703
45.64102564102564,0.970022439956665
45.64102564102564,0.9802713394165039
45.64102564102564,0.9904744625091553
46.41025641025641,1.0007128715515137
46.92307692307692,1.01090669631958
47.43589743589743,1.0211410522460938
48.46153846153846,1.0313377380371094
48.97435897435897,1.0415327548980713
49.23076923076923,1.0517313480377197
50.76923076923077,1.0619544982910156
50.256410256410255,1.072136402130127
49.23076923076923,1.0823304653167725
48.97435897435897,1.0925018787384033
48.717948717948715,1.1026782989501953
48.717948717948715,1.1128509044647217
49.743589743589745,1.1230220794677734
50.256410256410255,1.1332151889801025
50.51282051282051,1.1433966159820557
50.51282051282051,1.1535842418670654
50.51282051282051,1.1637742519378662
50.51282051282051,1.1739602088928223
50.256410256410255,1.1841578483581543
50.0,1.1943552494049072
50.256410256410255,1.2045526504516602
50.0,1.2147557735443115
50.0,1.224959135055542
50.256410256410255,1.2351675033569336
50.256410256410255,1.2453701496124268
50.51282051282051,1.2555711269378662
50.256410256410255,1.265770435333252
50.51282051282051,1.2759678363800049
50.0,1.2861804962158203
50.0,1.2963836193084717
50.0,1.3065896034240723
50.0,1.3167881965637207
50.0,1.3269925117492676
50.256410256410255,1.337310552597046
50.256410256410255,1.3475184440612793
50.51282051282051,1.357722282409668
50.51282051282051,1.367931842803955
50.51282051282051,1.3785221576690674
50.0,1.3887512683868408
50.0,1.3989641666412354
49.743589743589745,1.4091782569885254
49.743589743589745,1.419379711151123
50.256410256410255,1.4295966625213623
50.256410256410255,1.4398081302642822
50.51282051282051,1.450026512145996
50.51282051282051,1.4602351188659668
50.51282051282051,1.4704489707946777
50.51282051282051,1.4806561470031738
50.0,1.490873098373413
49.48717948717949,1.5010879039764404
47.69230769230769,1.511298656463623
48.205128205128204,1.5215089321136475
46.92307692307692,1.5317177772521973
47.179487179487175,1.541933536529541
46.15384615384615,1.5521485805511475
45.38461538461539,1.56235671043396
45.38461538461539,1.5725722312927246
45.38461538461539,1.5827813148498535
45.8974358974359,1.5930001735687256
46.41025641025641,1.6032168865203857
44.871794871794876,1.613429307937622
44.871794871794876,1.6236472129821777
46.15384615384615,1.6338589191436768
45.64102564102564,1.6440517902374268
45.8974358974359,1.654261827468872
45.64102564102564,1.6644706726074219
45.38461538461539,1.6746783256530762
45.64102564102564,1.6848914623260498
45.64102564102564,1.6951017379760742
46.41025641025641,1.7054872512817383
46.15384615384615,1.7156963348388672
46.41025641025641,1.7259042263031006
45.64102564102564,1.7361094951629639
45.64102564102564,1.7463228702545166
45.38461538461539,1.7565267086029053
45.38461538461539,1.7667346000671387
45.8974358974359,1.7769412994384766
45.8974358974359,1.78719162940979
46.41025641025641,1.7974083423614502
46.15384615384615,1.8076343536376953
46.15384615384615,1.8178472518920898
46.15384615384615,1.8280587196350098
45.64102564102564,1.8382704257965088
45.64102564102564,1.848487377166748
45.64102564102564,1.8587217330932617
45.38461538461539,1.8689334392547607
45.8974358974359,1.8791415691375732
45.64102564102564,1.8896501064300537
46.15384615384615,1.8998734951019287
46.666666666666664,1.9100866317749023
46.41025641025641,1.9203007221221924
46.15384615384615,1.9305150508880615
45.64102564102564,1.9407293796539307
45.64102564102564,1.95094895362854
45.38461538461539,1.9611647129058838
44.871794871794876,1.9713785648345947
45.38461538461539,1.9827823638916016
45.64102564102564,1.992999792098999
45.38461538461539,2.003222703933716
46.92307692307692,2.013439655303955
47.43589743589743,2.023653745651245
48.205128205128204,2.033872365951538
48.97435897435897,2.0440971851348877
49.743589743589745,2.054316520690918
50.51282051282051,2.064528226852417
50.51282051282051,2.07474684715271
50.51282051282051,2.0849552154541016
48.717948717948715,2.0951857566833496
48.97435897435897,2.10540509223938
48.46153846153846,2.1156232357025146
49.23076923076923,2.1258387565612793
50.0,2.136052370071411
50.0,2.146256446838379
50.51282051282051,2.1564736366271973
50.51282051282051,2.1666924953460693
50.51282051282051,2.1769070625305176
50.256410256410255,2.187167167663574
50.0,2.197385787963867
50.256410256410255,2.2075955867767334
50.0,2.2178053855895996
49.743589743589745,2.228006362915039
50.0,2.2382071018218994
50.0,2.2484097480773926
50.256410256410255,2.2586419582366943
50.256410256410255,2.268831491470337
50.0,2.2790162563323975
50.0,2.289219379425049
50.0,2.299427032470703
49.743589743589745,2.30962872505188
49.743589743589745,2.319827079772949
50.0,2.3406877517700195
50.256410256410255,2.350881814956665
50.256410256410255,2.3610870838165283
50.51282051282051,2.371279001235962
50.0,2.38143253326416
50.256410256410255,2.3916215896606445
50.0,2.4018142223358154
50.0,2.412017345428467
50.0,2.4222238063812256
50.0,2.432417869567871
50.256410256410255,2.4426138401031494
50.256410256410255,2.452814817428589
50.51282051282051,2.463021755218506
50.256410256410255,2.473210096359253
50.256410256410255,2.4833993911743164
49.743589743589745,2.493598222732544
48.97435897435897,2.5038089752197266
47.43589743589743,2.5140085220336914
47.69230769230769,2.524231195449829
47.43589743589743,2.534428358078003
45.38461538461539,2.5446295738220215
45.64102564102564,2.554835796356201
44.871794871794876,2.5650415420532227
44.871794871794876,2.5752532482147217
45.64102564102564,2.587289333343506
45.64102564102564,2.5975162982940674
46.15384615384615,2.607739210128784
46.15384615384615,2.617949962615967
46.15384615384615,2.6281578540802
45.64102564102564,2.6383707523345947
45.64102564102564,2.6485798358917236
45.38461538461539,2.658796787261963
44.871794871794876,2.669001817703247
45.64102564102564,2.679208993911743
45.38461538461539,2.6894216537475586
45.64102564102564,2.6996264457702637
45.8974358974359,2.7098424434661865
45.8974358974359,2.720062255859375
45.64102564102564,2.7302792072296143
45.38461538461539,2.74049711227417
45.64102564102564,2.750706195831299
45.38461538461539,2.760920524597168
45.38461538461539,2.7711336612701416
45.38461538461539,2.7813446521759033
45.38461538461539,2.7915682792663574
45.64102564102564,2.801783323287964
45.64102564102564,2.812004566192627
45.64102564102564,2.8222174644470215
45.64102564102564,2.832434892654419
45.8974358974359,2.8426449298858643
45.38461538461539,2.852860927581787
45.38461538461539,2.8630831241607666
45.38461538461539,2.873296022415161
45.38461538461539,2.8835079669952393
45.64102564102564,2.8937292098999023
45.64102564102564,2.904249668121338
46.15384615384615,2.914469003677368
45.64102564102564,2.9246811866760254
45.64102564102564,2.9348883628845215
45.38461538461539,2.9450976848602295
44.871794871794876,2.9553096294403076
44.61538461538462,2.965529680252075
44.61538461538462,2.9757559299468994
44.871794871794876,2.985971689224243
45.8974358974359,2.9961800575256348
46.15384615384615,3.0063934326171875
46.92307692307692,3.016615152359009
47.179487179487175,3.0268280506134033
48.205128205128204,3.0370426177978516
48.46153846153846,3.047292709350586
49.48717948717949,3.057516574859619
50.0,3.0677270889282227
50.0,3.077950954437256
48.717948717948715,3.0881659984588623
48.46153846153846,3.0983777046203613
48.46153846153846,3.108603000640869
48.97435897435897,3.1188278198242188
49.23076923076923,3.129044771194458
49.23076923076923,3.1392645835876465
49.743589743589745,3.1494832038879395
50.0,3.159714460372925
50.51282051282051,3.1699345111846924
50.0,3.1801488399505615
50.0,3.192448616027832
49.743589743589745,3.202672243118286
50.0,3.212907075881958
49.23076923076923,3.223139524459839
50.0,3.233358860015869
49.743589743589745,3.243587017059326
50.0,3.2538063526153564
50.0,3.264033794403076
50.256410256410255,3.274259090423584
50.0,3.2844722270965576
50.0,3.294727325439453
49.743589743589745,3.3049378395080566
49.743589743589745,3.315173625946045
49.23076923076923,3.3254361152648926
50.0,3.3356478214263916
49.743589743589745,3.345860004425049
50.256410256410255,3.356071949005127
50.0,3.3662965297698975
50.256410256410255,3.3765556812286377
50.0,3.3867604732513428
50.0,3.3969662189483643
49.743589743589745,3.4072136878967285
49.23076923076923,3.4174671173095703
49.23076923076923,3.427717685699463
49.743589743589745,3.4379515647888184
50.256410256410255,3.4481515884399414
50.51282051282051,3.458341121673584
50.51282051282051,3.4685440063476562
50.256410256410255,3.478740692138672
50.256410256410255,3.4889347553253174
49.48717948717949,3.499143600463867
48.717948717948715,3.5093493461608887
47.43589743589743,3.519564628601074
46.666666666666664,3.5297746658325195
47.179487179487175,3.5399787425994873
46.666666666666664,3.5501840114593506
45.64102564102564,3.5603904724121094
44.871794871794876,3.570603847503662
45.38461538461539,3.5808212757110596
44.871794871794876,3.59104061126709
45.38461538461539,3.6012582778930664
45.8974358974359,3.6119496822357178
46.15384615384615,3.622166395187378
45.8974358974359,3.6323790550231934
45.38461538461539,3.64259672164917
45.38461538461539,3.6527960300445557
44.871794871794876,3.663010835647583
45.38461538461539,3.6732330322265625
44.871794871794876,3.6834545135498047
45.64102564102564,3.693671941757202
45.38461538461539,3.7038896083831787
45.64102564102564,3.714111804962158
45.64102564102564,3.724335193634033
45.38461538461539,3.7345612049102783
45.38461538461539,3.744779109954834
45.38461538461539,3.7549943923950195
44.871794871794876,3.7652153968811035
44.871794871794876,3.7754459381103516
45.38461538461539,3.785663604736328
45.38461538461539,3.7972145080566406
45.38461538461539,3.807452917098999
45.64102564102564,3.8176774978637695
45.64102564102564,3.8279004096984863
45.38461538461539,3.8381552696228027
45.38461538461539,3.8484160900115967
45.64102564102564,3.8772952556610107
45.38461538461539,3.8875484466552734
45.38461538461539,3.8977718353271484
45.38461538461539,3.908010244369507
45.64102564102564,3.9182305335998535
45.64102564102564,3.928790330886841
45.64102564102564,3.939014434814453
45.38461538461539,3.9492201805114746
44.871794871794876,3.9594385623931885
44.871794871794876,3.9696667194366455
44.61538461538462,3.9798789024353027
44.871794871794876,3.99009370803833
44.871794871794876,4.000300407409668
45.64102564102564,4.010515928268433
46.666666666666664,4.02073073387146
47.179487179487175,4.030945777893066
47.43589743589743,4.041161060333252
48.205128205128204,4.051368474960327
48.97435897435897,4.06158709526062
49.23076923076923,4.071827411651611
49.743589743589745,4.0820395946502686
49.743589743589745,4.09224271774292
48.46153846153846,4.1025004386901855
48.46153846153846,4.112710475921631
48.97435897435897,4.122927188873291
48.97435897435897,4.133144855499268
49.23076923076923,4.143362045288086
49.23076923076923,4.1535749435424805
49.743589743589745,4.163823127746582
50.256410256410255,4.1740546226501465
50.0,4.184270143508911
50.0,4.194480657577515
49.743589743589745,4.204681396484375
49.743589743589745,4.214888572692871
49.23076923076923,4.225103855133057
49.23076923076923,4.2353222370147705
49.743589743589745,4.245537757873535
49.743589743589745,4.255791902542114
50.0,4.266000270843506
50.0,4.276200771331787
49.743589743589745,4.286400318145752
49.743589743589745,4.29659104347229
49.743589743589745,4.306790113449097
49.48717948717949,4.316987991333008
49.23076923076923,4.327214002609253
49.743589743589745,4.337465047836304
49.743589743589745,4.3476691246032715
50.0,4.357854127883911
50.0,4.368062496185303
50.0,4.378229856491089
49.743589743589745,4.3884336948394775
50.0,4.39862585067749
49.23076923076923,4.408829689025879
48.97435897435897,4.419023513793945
49.23076923076923,4.429203510284424
49.743589743589745,4.439406156539917
49.743589743589745,4.4496095180511475
50.0,4.459812879562378
50.51282051282051,4.47001838684082
50.0,4.480221509933472
50.0,4.4904351234436035
49.23076923076923,4.500641822814941
48.717948717948715,4.5108582973480225
47.43589743589743,4.521073818206787
47.69230769230769,4.531289339065552
47.179487179487175,4.5415143966674805
46.41025641025641,4.551735162734985
45.64102564102564,4.561953544616699
44.61538461538462,4.572169303894043
44.61538461538462,4.582380771636963
45.38461538461539,4.592615365982056
44.871794871794876,4.6028289794921875
45.38461538461539,4.613050699234009
45.64102564102564,4.623267412185669
45.64102564102564,4.633490085601807
45.38461538461539,4.643720865249634
45.38461538461539,4.6539459228515625
44.871794871794876,4.664166688919067
44.61538461538462,4.674390554428101
44.871794871794876,4.684605360031128
44.871794871794876,4.694835186004639
44.871794871794876,4.7051122188568115
45.38461538461539,4.715355634689331
45.38461538461539,4.7255754470825195
45.38461538461539,4.735803604125977
45.38461538461539,4.746039152145386
44.871794871794876,4.756269216537476
44.871794871794876,4.766497850418091
44.61538461538462,4.776724338531494
45.38461538461539,4.786949396133423
44.871794871794876,4.797223091125488
45.64102564102564,4.807443141937256
45.38461538461539,4.817681312561035
45.64102564102564,4.827909231185913
45.38461538461539,4.838137149810791
45.38461538461539,4.848372220993042
44.871794871794876,4.8585944175720215
44.871794871794876,4.868810653686523
44.61538461538462,4.879043102264404
44.871794871794876,4.889545440673828
44.35897435897436,4.899783134460449
45.64102564102564,4.910001754760742
45.38461538461539,4.920228004455566
45.38461538461539,4.930447340011597
45.64102564102564,4.940668106079102
44.1025641025641,4.950899362564087
44.61538461538462,4.961133718490601
44.61538461538462,4.971360921859741
44.61538461538462,4.981596231460571
44.871794871794876,4.991930246353149
44.61538461538462,5.002180337905884
